
XXf =

   0.9000 + 0.0000i   0.2000 - 0.3464i   0.9000 - 0.5196i   2.9000 + 0.0000i   0.9000 + 0.5196i   0.2000 + 0.3464i

{Undefined function or variable 'x2'.
} 
